 #Rezultati simulacije Molekulske dinamike pri tlaku P = 7.00
         #    T            rho           srho              U             sU              H             sH             cp            scp              k             sk              a             sa
       1.500000       0.725078       0.002188     175.798485       1.897559    1141.869611       1.452946       1.636962       0.307078       0.062091       0.013018       0.180663       0.046416
       1.480000       0.726103       0.001491     174.523884       1.518975    1139.270461       1.081700       1.789196       0.602284       0.067071       0.038643       0.201547       0.106251
       1.460000       0.729328       0.002054     175.498151       1.242955    1135.935752       2.104652       1.691551       0.302016       0.063080       0.019155       0.190107       0.050347
       1.440000       0.732938       0.002529     175.848058       0.554944    1131.623428       3.162631       1.859160       0.284984       0.070506       0.019242       0.218351       0.052350
       1.420000       0.737023       0.001965     176.710084       0.959656    1127.249112       1.985474       2.000220       0.572919       0.076647       0.029393       0.239433       0.093732
       1.400000       0.739066       0.002747     176.568997       0.724108    1124.441741       2.815304       1.952928       0.579952       0.073564       0.026060       0.230257       0.087208
       1.380000       0.741214       0.002819     175.615896       1.311702    1120.929635       2.513913       2.483582       0.650067       0.093870       0.027175       0.309274       0.092620
       1.360000       0.746059       0.005330     176.653937       2.163766    1115.544771       4.713433       1.773082       0.224540       0.061647       0.005982       0.197151       0.024841
       1.340000       0.749215       0.003208     177.472796       1.647722    1112.463924       2.613043       2.200279       0.316229       0.070828       0.010233       0.250688       0.043333
       1.320000       0.753617       0.003576     178.228887       1.896746    1107.845776       2.445531       2.276066       0.273199       0.081063       0.011408       0.278008       0.037618
       1.300000       0.755881       0.004546     177.785567       2.201725    1104.586592       3.371352       2.325102       0.834409       0.077091       0.037424       0.277855       0.132728
       1.280000       0.762581       0.004401     179.779356       1.872653    1098.442225       3.507119       2.410982       0.523604       0.078083       0.028167       0.285985       0.098003
       1.260000       0.763789       0.006519     179.087900       2.852166    1096.207718       5.225625       2.224406       0.409353       0.065905       0.017559       0.249434       0.058350
       1.240000       0.768943       0.003788     180.305194       2.351632    1091.347187       2.679038       2.461607       0.694480       0.079037       0.024621       0.297422       0.105850
       1.220000       0.774979       0.006494     179.177524       2.571338    1083.157125       5.003236       2.464102       0.406599       0.079384       0.011692       0.295962       0.054442
       1.200000       0.778904       0.003413     179.919866       1.748300    1079.311161       2.889088       2.637101       0.291988       0.080350       0.010666       0.317600       0.047363
       1.180000       0.788576       0.004485     181.532950       1.857184    1070.088359       4.138624       4.008767       1.605966       0.102813       0.037741       0.475250       0.202997
       1.160000       0.788066       0.007395     181.270201       2.857362    1070.276540       5.462195       3.060654       0.970298       0.085554       0.027994       0.364111       0.134738
       1.140000       0.798521       0.003607     180.619696       2.526998    1057.970349       5.137914       3.997974       1.223578       0.090174       0.016014       0.442354       0.119711
       1.120000       0.842079       0.035346     178.732392       2.403100    1011.916066      37.220392       5.201419       3.199474       0.093888       0.057565       0.541982       0.347674
       1.100000       0.881375       0.028165     178.401848       1.662110     973.714123      27.661982       4.075803       4.171405       0.055300       0.070128       0.377044       0.463201
